#usda 1.0
(
    upAxis = "Y"
    defaultPrim = "cubeGroup"
)

def Xform "cubeGroup" (
    kind = "assembly"
)
{
    def Skeleton "Skel"
    {
        uniform matrix4d[] bindTransforms = [( (0.25096215878372596, 0.9679968981658009, 0, 0), (-0.9679968981658009, 0.25096215878372596, 0, 0), (0, 0, 1, 0), (-0.21020990814255516, -2.475805584790095, 0, 1) ), ( (-0.018892137991937286, 0.9998215276348543, 0, 0), (-0.9998215276348543, -0.018892137991937286, 0, 0), (0, 0, 1, 0), (0.22578101244941098, -0.7941263196496529, 0, 1) ), ( (-0.30900092513606003, 0.951061737357286, 1.7840251492550463e-17, 0), (0.9510617373572863, 0.30900092513606003, 1.211582570578709e-16, 0), (1.097163282367813e-16, 5.440519409815065e-17, -1, 0), (0.1951363095250174, 0.8276717904879687, 0, 1) ), ( (0.9975736613063058, -0.06961889303869151, 1.0566248987558186e-16, 0), (0.06961889303869151, 0.9975736613063055, -6.055316192404856e-17, 0), (-1.0119047278477975e-16, 6.776234502509664e-17, 1, 0), (-0.34452280219757125, 2.4886672459209254, 3.115736391125072e-17, 1) )]
        uniform token[] joints = ["hip", "hip/torso", "hip/torso/chest", "hip/torso/chest/upchest"]
        uniform matrix4d[] restTransforms = [( (0.25096215878372596, 0.9679968981658009, 0, 0), (-0.9679968981658009, 0.25096215878372596, 0, 0), (0, 0, 1, 0), (-0.21020990814255516, -2.475805584790095, 0, 1) ), ( (0.9630829257354349, 0.26920489994960134, 0, 0), (-0.26920489994960134, 0.9630829257354349, 0, 0), (0, 0, 1, 0), (1.737277535007555, -5.551115123125783e-17, 0, 1) ), ( (0.9567296872369269, 0.2909781874291133, 1.7840251492550463e-17, 0), (0.2909781874291133, -0.9567296872369271, 1.211582570578709e-16, 0), (5.2322708261465773e-17, -1.1072457733856615e-16, -1, 0), (1.6220876079494857, 4.440892098500626e-16, 0, 1) ), ( (-0.37446304960128396, 0.9272418371079394, 0, 0), (0.9272418371079394, 0.37446304960128385, 1.2246467991473532e-16, 0), (1.1355437478497495e-16, 4.5858497509316885e-17, -1, 0), (1.7464643883670081, 1.1102230246251565e-16, 3.697785493223493e-32, 1) )]
    }
}